Read Average
Write Average

0.009700
0.006023

0.012325
0.006918

0.011064
0.008293

0.014649
0.006647

0.011323
0.006598

0.009922
0.008256

0.010443
0.007232

0.021283
0.006736

0.011280
0.006763

0.010852
0.006505

0.010433
0.007125

0.012817
0.008436

0.010744
0.006873

0.011650
0.008161

0.011915
0.007335

0.011231
0.007411

0.015142
0.007990

0.011935
0.008828

0.006887
0.003948

0.006937
0.003946

0.005108
0.002973

0.005135
0.002955

0.005546
0.004965

0.004000
0.005000

0.003000
0.004000

0.004000
0.004000

0.003000
0.004000

0.003000
0.004000

0.003000
0.006000

0.003000
0.004000

0.003000
0.004000

0.003000
0.006000

0.003000
0.004000

